/**
 * Created by LZH on 6/23/2017.
 */
'use strict';


module.exports = {

    //游戏最大局数
    MAX_PLAYNUM : 50,

    //小盲注
    SMALL_BLIND_BET : 100,

    //大盲注
    BIG_BLIND_BET : 200,

    //前一位玩家的金钱
    TOTAL_MONEY_PER_PLAYER : 100000,


    //计算各个threshold的时候用到多少条历史记录
    PREFLOP_THRESHOLD_CALC_NUM : 50,
    FLOP_THRESHOLD_CALC_NUM : 50,
    TURN_THRESHOLD_CALC_NUM : 50,
    RIVER_THRESHOLD_CALC_NUM : 50,

    state : {
        PreFlop: 'PreFlop', //先下大小盲注，然后给每个玩家发2张底牌
        Flop: 'Flop',   //同时发三张公牌
        Turn: 'Turn',   //发第4张牌
        River: 'River',  //发第五张牌
    },

    action: {

        blind: 'blind',

        check: 'check',

        call: 'call',

        raise: 'raise',

        all_in: 'all_in',

        fold: 'fold',
    },

    holdCard: {

        HIGH_CARD: 1, //高牌

        ONE_PAIR: 2, //一对

        TWO_PAIR: 3, //两对

        THREE_OF_A_KIND: 4,  //三条

        STRAIGHT: 5,  //顺子

        FLUSH: 6, //同花

        FULL_HOUSE: 7,  //葫芦

        FOUR_OF_A_KIND: 8,  //四条

        STRAIGHT_FLUSH: 9,  //同花顺
    },
    handProbaTable:[
        [
            [0.410695,0.410695,0.410695,0.251532,0.256569,0.261734,0.256071,0.252141,0.263164,0.277190,0.296240,0.321995,0.350896,0.381930,0.423914],
            [0.410695,0.410695,0.410695,0.251532,0.256569,0.261734,0.256071,0.252141,0.263164,0.277190,0.296240,0.321995,0.350896,0.381930,0.423914],
            [0.410695,0.410695,0.410695,0.251532,0.256569,0.261734,0.256071,0.252141,0.263164,0.277190,0.296240,0.321995,0.350896,0.381930,0.423914],
            [0.251506,0.251506,0.251506,0.430785,0.269674,0.275629,0.269751,0.265305,0.265299,0.281364,0.301818,0.327588,0.356467,0.387542,0.429313],
            [0.256347,0.256347,0.256347,0.269424,0.452695,0.288810,0.283571,0.279032,0.279291,0.285214,0.308064,0.333855,0.362457,0.393689,0.435196],
            [0.261758,0.261758,0.261758,0.275541,0.288614,0.474763,0.296938,0.293157,0.294458,0.300939,0.313427,0.341406,0.370301,0.401380,0.442670],
            [0.256516,0.256516,0.256516,0.269818,0.283599,0.296932,0.498163,0.308413,0.310809,0.318111,0.330705,0.348371,0.379127,0.410841,0.444607],
            [0.252154,0.252154,0.252154,0.265557,0.279117,0.292740,0.308147,0.518567,0.325218,0.333320,0.347234,0.365065,0.386150,0.419355,0.454989],
            [0.263118,0.263118,0.263118,0.265257,0.279224,0.294445,0.310553,0.325664,0.541047,0.349036,0.363304,0.381865,0.403265,0.427980,0.464858],
            [0.276879,0.276879,0.276879,0.281764,0.285269,0.301235,0.318057,0.333179,0.348998,0.563352,0.379951,0.398466,0.420143,0.444675,0.473953],
            [0.296173,0.296173,0.296173,0.301980,0.308088,0.313452,0.330856,0.346847,0.363066,0.379970,0.588608,0.416796,0.438024,0.463093,0.492676],
            [0.322511,0.322511,0.322511,0.327793,0.333570,0.341686,0.348821,0.365396,0.381959,0.398385,0.416445,0.612520,0.447406,0.472871,0.502493],
            [0.350659,0.350659,0.350659,0.356321,0.362750,0.370284,0.379566,0.386205,0.403466,0.419601,0.437920,0.447434,0.636720,0.481777,0.512376],
            [0.382055,0.382055,0.382055,0.387672,0.393669,0.401621,0.410399,0.419320,0.427686,0.444785,0.462947,0.472696,0.482071,0.661313,0.521236],
            [0.423471,0.423471,0.423471,0.429269,0.434899,0.442468,0.444488,0.454869,0.464725,0.474283,0.492961,0.502480,0.512147,0.521594,0.687177]
        ],
        [
            [0.000000,0.000000,0.000000,0.283031,0.287705,0.292789,0.287567,0.283423,0.294322,0.307324,0.325396,0.350127,0.376800,0.406593,0.445859],
            [0.000000,0.000000,0.000000,0.283031,0.287705,0.292789,0.287567,0.283423,0.294322,0.307324,0.325396,0.350127,0.376800,0.406593,0.445859],
            [0.000000,0.000000,0.000000,0.283031,0.287705,0.292789,0.287567,0.283423,0.294322,0.307324,0.325396,0.350127,0.376800,0.406593,0.445859],
            [0.283031,0.283031,0.283031,0.000000,0.299962,0.305326,0.300136,0.295950,0.296040,0.311399,0.330383,0.355019,0.382125,0.412009,0.450631],
            [0.287705,0.287705,0.287705,0.299962,0.000000,0.317513,0.312830,0.308907,0.308645,0.314853,0.335780,0.360254,0.387385,0.416986,0.456002],
            [0.292789,0.292789,0.292789,0.305326,0.317513,0.000000,0.324801,0.321547,0.322949,0.328990,0.340747,0.367045,0.394406,0.423758,0.463176],
            [0.287567,0.287567,0.287567,0.300136,0.312830,0.324801,0.000000,0.336198,0.338166,0.344622,0.356823,0.374058,0.402939,0.432808,0.464419],
            [0.283423,0.283423,0.283423,0.295950,0.308907,0.321547,0.336198,0.000000,0.351672,0.358984,0.371748,0.388983,0.409006,0.440308,0.474039],
            [0.294322,0.294322,0.294322,0.296040,0.308645,0.322949,0.338166,0.351672,0.000000,0.373991,0.387040,0.404698,0.425427,0.448035,0.482866],
            [0.307324,0.307324,0.307324,0.311399,0.314853,0.328990,0.344622,0.358984,0.373991,0.000000,0.402322,0.419618,0.440255,0.463743,0.491300],
            [0.325396,0.325396,0.325396,0.330383,0.335780,0.340747,0.356823,0.371748,0.387040,0.402322,0.000000,0.436867,0.456952,0.480741,0.508762],
            [0.350127,0.350127,0.350127,0.355019,0.360254,0.367045,0.374058,0.388983,0.404698,0.419618,0.436867,0.000000,0.465679,0.489491,0.518164],
            [0.376800,0.376800,0.376800,0.382125,0.387385,0.394406,0.402939,0.409006,0.425427,0.440255,0.456952,0.465679,0.000000,0.498861,0.527235],
            [0.406593,0.406593,0.406593,0.412009,0.416986,0.423758,0.432808,0.440308,0.448035,0.463743,0.480741,0.489491,0.498861,0.000000,0.535915],
            [0.445859,0.445859,0.445859,0.450631,0.456002,0.463176,0.464419,0.474039,0.482866,0.491300,0.508762,0.518164,0.527235,0.535915,0.000000]
        ],
    ],
    handLvlTable: [
        [
            [10,10,10,10,10,10,10,10,10,10,10,10,10,10,10],
            [10,10,10,10,10,10,10,10,10,10,10,10,10,10,10],
            [10,10,7,10,10,10,10,10,10,10,10,10,10,10,10],
            [10,10,10,7,10,10,10,10,10,10,10,10,10,10,10],
            [10,10,10,10,7,8,10,10,10,10,10,10,10,10,10],
            [10,10,10,10,8,7,8,10,10,10,10,10,10,10,10],
            [10,10,10,10,10,8,7,8,10,10,10,10,10,10,10],
            [10,10,10,10,10,10,8,6,8,10,10,10,10,10,10],
            [10,10,10,10,10,10,10,8,5,7,8,8,10,10,10],
            [10,10,10,10,10,10,10,10,7,4,7,7,8,8,8],
            [10,10,10,10,10,10,10,10,8,7,3,10,6,6,5],
            [10,10,10,10,10,10,10,10,8,7,10,3,6,6,5],
            [10,10,10,10,10,10,10,10,10,8,6,6,1,5,3],
            [10,10,10,10,10,10,10,10,10,8,6,6,5,1,3],
            [10,10,10,10,10,10,10,10,10,8,5,5,3,3,1]
        ],
        [
            [10,10,10,10,10,10,10,10,10,10,10,10,10,10,10],
            [10,10,10,10,10,10,10,10,10,10,10,10,10,10,10],
            [10,10,10,8,8,10,10,10,10,10,10,10,10,7,6],
            [10,10,8,10,7,8,10,10,10,10,10,10,10,7,6],
            [10,10,8,7,10,8,7,8,10,10,10,10,10,7,6],
            [10,10,10,8,8,10,8,7,8,10,10,10,10,7,6],
            [10,10,10,10,7,8,10,10,8,8,10,10,10,7,6],
            [10,10,10,10,8,7,10,10,7,7,10,8,10,7,6],
            [10,10,10,10,10,8,8,7,10,7,7,7,7,7,5],
            [10,10,10,10,10,10,8,7,7,10,6,6,6,6,5],
            [10,10,10,10,10,10,10,10,7,6,10,6,5,4,3],
            [10,10,10,10,10,10,10,8,7,6,6,10,4,4,3],
            [10,10,10,10,10,10,10,10,7,6,5,4,10,3,2],
            [10,10,7,7,7,7,7,7,7,6,4,4,3,10,2],
            [10,10,6,6,6,6,6,6,5,5,3,3,2,2,10]
        ],
    ],
    // hold_card: [
    //     [1.00,0.62,0.60,0.60,0.58,0.54,0.52,0.50,0.49,0.49,0.47,0.45,0.43],
    //     [0.66,0.98,0.54,0.52,0.52,0.49,0.45,0.43,0.41,0.39,0.37,0.35,0.35],
    //     [0.64,0.58,0.96,0.49,0.47,0.43,0.41,0.35,0.35,0.33,0.32,0.30,0.28],
    //     [0.62,0.58,0.52,0.92,0.43,0.39,0.35,0.33,0.30,0.28,0.26,0.26,0.22],
    //     [0.62,0.56,0.52,0.49,0.81,0.37,0.33,0.30,0.26,0.22,0.22,0.20,0.18],
    //     [0.58,0.52,0.49,0.45,0.41,0.75,0.28,0.26,0.22,0.20,0.16,0.15,0.13],
    //     [0.56,0.49,0.45,0.41,0.37,0.35,0.69,0.24,0.20,0.16,0.13,0.09,0.09],
    //     [0.54,0.49,0.41,0.37,0.33,0.33,0.30,0.64,0.18,0.15,0.13,0.09,0.05],
    //     [0.52,0.47,0.41,0.33,0.32,0.28,0.26,0.24,0.58,0.15,0.11,0.07,0.03],
    //     [0.52,0.45,0.39,0.33,0.28,0.26,0.24,0.22,0.20,0.52,0.11,0.07,0.03],
    //     [0.50,0.43,0.37,0.32,0.28,0.22,0.20,0.18,0.16,0.16,0.47,0.05,0.01],
    //     [0.49,0.41,0.35,0.30,0.26,0.20,0.16,0.15,0.15,0.15,0.13,0.41,0.00],
    //     [0.47,0.39,0.33,0.28,0.24,0.18,0.15,0.11,0.11,0.11,0.09,0.07,0.33]
    // ],
    //
    // hold_card_mss_cbsb: [
    //     {100,100,200,200,300,400,598,588,576,576,567,558,549},
    //     {100,100,300,400,400,578,560,551,542,533,523,514,505},
    //     {200,300,100,400,400,553,536,517,510,501,491,482,472},
    //     {200,300,300,100,400,532,514,496,478,471,461,452,443},
    //     {300,400,400,400,100,515,497,479,460,442,435,425,416},
    //     {300,599,576,556,540,200,480,462,444,426,406,401,390},
    //     {400,583,560,540,523,508,200,450,432,414,394,374,368},
    //     {400,575,543,523,506,491,479,300,423,405,385,366,345},
    //     {400,566,536,506,489,474,462,453,300,399,380,360,340},
    //     {400,557,527,499,472,457,445,436,431,300,381,362,342},
    //     {400,548,518,490,465,438,427,418,413,414,555,351,332},
    //     {400,540,510,482,456,432,408,401,395,396,386,555,323},
    //     {400,532,501,473,448,424,402,381,376,378,368,359,555}
    //     ],
    //
    // cmap: [
    //     0x00018002, 0x00028103, 0x00048205, 0x00088307, 0x0010840b, 0x0020850d, 0x00408611,
    //     0x00808713, 0x01008817, 0x0200891d, 0x04008a1f, 0x08008b25, 0x10008c29,
    //     0x00014002, 0x00024103, 0x00044205, 0x00084307, 0x0010440b, 0x0020450d, 0x00404611,
    //     0x00804713, 0x01004817, 0x0200491d, 0x04004a1f, 0x08004b25, 0x10004c29,
    //     0x00012002, 0x00022103, 0x00042205, 0x00082307, 0x0010240b, 0x0020250d, 0x00402611,
    //     0x00802713, 0x01002817, 0x0200291d, 0x04002a1f, 0x08002b25, 0x10002c29,
    //     0x00011002, 0x00021103, 0x00041205, 0x00081307, 0x0010140b, 0x0020150d, 0x00401611,
    //     0x00801713, 0x01001817, 0x0200191d, 0x04001a1f, 0x08001b25, 0x10001c29
    // ],
    //
    // c72: [0x23456, 0x13456, 0x12456, 0x12356, 0x12346, 0x12345, 0x03456, 0x02456, 0x02356,
    //     0x02346, 0x02345, 0x01456,0x01356, 0x01346, 0x01345, 0x01256,
    //     0x01246, 0x01245, 0x01236, 0x01235, 0x01234 ],
};